0.000000000000000000e+00
0.000000000000000000e+00
0.000000000000000000e+00
8.204000000000087311e+01
8.204000000000087311e+01
5.018999999999869033e+01
5.018999999999869033e+01
5.018999999999869033e+01
5.018999999999869033e+01
5.018999999999869033e+01
-3.081999999999970896e+01
-3.081999999999970896e+01
-3.081999999999970896e+01
-5.822000000000116415e+01
-5.822000000000116415e+01
-5.822000000000116415e+01
1.299799999999995634e+02
1.299799999999995634e+02
1.299799999999995634e+02
-9.970999999999912689e+01
-9.970999999999912689e+01
-9.970999999999912689e+01
-9.970999999999912689e+01
-9.970999999999912689e+01
1.056700000000018917e+02
1.056700000000018917e+02
1.056700000000018917e+02
1.056700000000018917e+02
1.056700000000018917e+02
5.557400000000016007e+02
5.557400000000016007e+02
5.636500000000014552e+02
5.636500000000014552e+02
5.636500000000014552e+02
7.152000000000007276e+02
7.152000000000007276e+02
7.152000000000007276e+02
7.152000000000007276e+02
7.171200000000026193e+02
7.171200000000026193e+02
6.045400000000045111e+02
6.045400000000045111e+02
5.531700000000055297e+02
5.531700000000055297e+02
5.531700000000055297e+02
5.556300000000046566e+02
5.556300000000046566e+02
5.556300000000046566e+02
5.556300000000046566e+02
6.242500000000036380e+02
6.242500000000036380e+02
6.242500000000036380e+02
5.955600000000049477e+02
5.955600000000049477e+02
5.955600000000049477e+02
5.908400000000074215e+02
5.908400000000074215e+02
5.908400000000074215e+02
5.908400000000074215e+02
5.908400000000074215e+02
6.178300000000090222e+02
6.178300000000090222e+02
6.178300000000090222e+02
6.568600000000114960e+02
6.568600000000114960e+02
6.568600000000114960e+02
6.648100000000085856e+02
6.648100000000085856e+02
6.648100000000085856e+02
5.986500000000087311e+02
5.986500000000087311e+02
5.986500000000087311e+02
5.986500000000087311e+02
5.986500000000087311e+02
7.241100000000078580e+02
7.241100000000078580e+02
7.241100000000078580e+02
7.241100000000078580e+02
7.241100000000078580e+02
1.157680000000011205e+03
1.157680000000011205e+03
1.157680000000011205e+03
1.157680000000011205e+03
1.175070000000014261e+03
1.175070000000014261e+03
1.175070000000014261e+03
1.175070000000014261e+03
1.175070000000014261e+03
1.111240000000016153e+03
1.111240000000016153e+03
1.088430000000018481e+03
1.088430000000018481e+03
1.086240000000019791e+03
1.086240000000019791e+03
1.086240000000019791e+03
1.228060000000019500e+03
1.228060000000019500e+03
1.228060000000019500e+03
1.228060000000019500e+03
1.373100000000020373e+03
1.373100000000020373e+03
1.373100000000020373e+03
1.301470000000022992e+03
1.301470000000022992e+03
1.301470000000022992e+03
1.279220000000022992e+03
1.279220000000022992e+03
1.279220000000022992e+03
1.279220000000022992e+03
1.279220000000022992e+03
1.332360000000022410e+03
1.332360000000022410e+03
1.332360000000022410e+03
1.317700000000022555e+03
1.317700000000022555e+03
1.317700000000022555e+03
1.400560000000023138e+03
1.400560000000023138e+03
1.400560000000023138e+03
1.385290000000022701e+03
1.385290000000022701e+03
1.385290000000022701e+03
1.385290000000022701e+03
1.385290000000022701e+03
1.325370000000024447e+03
1.325370000000024447e+03
1.325370000000024447e+03
1.325370000000024447e+03
1.325370000000024447e+03
1.254620000000024447e+03
1.254620000000024447e+03
1.254620000000024447e+03
1.254620000000024447e+03
1.483290000000026339e+03
1.483290000000026339e+03
1.483290000000026339e+03
1.483290000000026339e+03
1.483290000000026339e+03
1.488630000000026484e+03
1.488630000000026484e+03
1.588890000000028522e+03
1.588890000000028522e+03
1.674430000000029395e+03
1.674430000000029395e+03
1.674430000000029395e+03
1.747230000000028667e+03
1.747230000000028667e+03
1.747230000000028667e+03
1.747230000000028667e+03
1.839550000000028376e+03
1.839550000000028376e+03
1.839550000000028376e+03
1.598220000000026630e+03
1.598220000000026630e+03
1.598220000000026630e+03
1.603500000000029104e+03
1.603500000000029104e+03
1.603500000000029104e+03
1.603500000000029104e+03
1.603500000000029104e+03
1.828880000000030122e+03
1.828880000000030122e+03
1.828880000000030122e+03
1.859150000000026921e+03
1.859150000000026921e+03
1.859150000000026921e+03
1.943180000000025757e+03
1.943180000000025757e+03
1.943180000000025757e+03
1.748390000000028522e+03
1.748390000000028522e+03
1.748390000000028522e+03
1.748390000000028522e+03
1.748390000000028522e+03
2.059610000000029686e+03
2.059610000000029686e+03
2.059610000000029686e+03
2.059610000000029686e+03
2.059610000000029686e+03
2.272230000000028667e+03
2.272230000000028667e+03
2.272230000000028667e+03
2.272230000000028667e+03
2.155730000000028667e+03
2.155730000000028667e+03
2.155730000000028667e+03
2.155730000000028667e+03
2.155730000000028667e+03
2.372620000000028085e+03
2.372620000000028085e+03
2.392590000000029249e+03
2.392590000000029249e+03
2.390870000000028085e+03
2.390870000000028085e+03
2.390870000000028085e+03
2.433080000000027212e+03
2.433080000000027212e+03
2.433080000000027212e+03
2.433080000000027212e+03
2.558800000000024738e+03
2.558800000000024738e+03
2.558800000000024738e+03
2.729830000000027212e+03
2.729830000000027212e+03
2.729830000000027212e+03
2.617530000000027940e+03
2.617530000000027940e+03
2.617530000000027940e+03
2.617530000000027940e+03
2.617530000000027940e+03
2.703800000000024738e+03
2.703800000000024738e+03
2.703800000000024738e+03
2.713030000000024302e+03
2.713030000000024302e+03
2.713030000000024302e+03
2.617740000000023429e+03
2.617740000000023429e+03
2.617740000000023429e+03
2.605000000000025466e+03
2.605000000000025466e+03
2.605000000000025466e+03
2.605000000000025466e+03
2.605000000000025466e+03
2.924550000000028376e+03
2.924550000000028376e+03
2.924550000000028376e+03
2.924550000000028376e+03
2.924550000000028376e+03
3.339050000000028376e+03
3.339050000000028376e+03
3.339050000000028376e+03
3.339050000000028376e+03
3.247340000000029249e+03
3.247340000000029249e+03
3.247340000000029249e+03
3.247340000000029249e+03
3.247340000000029249e+03
3.540660000000028958e+03
3.540660000000028958e+03
3.463890000000028522e+03
3.463890000000028522e+03
3.604350000000027649e+03
3.604350000000027649e+03
3.604350000000027649e+03
3.659990000000027067e+03
3.659990000000027067e+03
3.659990000000027067e+03
3.659990000000027067e+03
3.751290000000026339e+03
