1.775134920362472621e+04
1.766456477142931908e+04
1.772292436435288619e+04
1.786228896248051024e+04
1.785907044878112356e+04
1.780161388467994038e+04
1.786112867681182252e+04
1.780684759895929892e+04
1.774094920713289684e+04
1.769138473998669360e+04
1.774693942281616182e+04
1.775160220530497099e+04
1.763366566347288608e+04
1.758468050276971553e+04
1.772975617963471814e+04
1.762412509586661326e+04
1.768714547497785679e+04
1.780087224020867507e+04
1.765671111644717530e+04
1.770207050438847000e+04
1.780431217737374027e+04
1.771984970122768573e+04
1.772328230360515954e+04
1.791467058289468696e+04
1.805868657761372742e+04
1.822971069704712500e+04
1.811621246045888256e+04
1.832596563228692321e+04
1.835897095197435920e+04
1.839358521510078208e+04
1.843666053600630767e+04
1.834681030844736961e+04
1.839960277499549193e+04
1.839477509372730492e+04
1.848377540661939565e+04
1.848742209606989127e+04
1.833946952663578850e+04
1.840090710634359129e+04
1.852383415624740155e+04
1.870880291915346606e+04
1.862906320725252226e+04
1.866687160181613581e+04
1.851128778364461323e+04
1.868132860465526392e+04
1.861963658554957146e+04
1.852778037643381685e+04
1.862526725032934701e+04
1.861997848411327504e+04
1.848007795545495173e+04
1.860675909286779643e+04
1.862156268247238768e+04
1.853726004546623517e+04
1.859660679951422935e+04
1.875205057225558630e+04
1.874378622959401036e+04
1.867774084597680849e+04
1.875376897113496670e+04
1.870216631007466640e+04
1.863658639240407865e+04
1.859200112461996468e+04
1.864359528591347407e+04
1.865038721458552027e+04
1.853098158483859152e+04
1.846984570682874619e+04
1.863085506702334169e+04
1.851765661728578561e+04
1.858814576293464415e+04
1.870962250125283026e+04
1.856376136525303809e+04
1.861586359694434213e+04
1.872830964382806633e+04
1.864360746921492682e+04
1.865410651764877548e+04
1.885565322124019076e+04
1.900032188342731752e+04
1.918163858902260108e+04
1.906854646678541030e+04
1.928516382058306772e+04
1.931642982180280887e+04
1.935586122022654672e+04
1.939772665797018635e+04
1.929697354753584295e+04
1.934790852843965331e+04
1.934892336662883827e+04
1.944537956977311114e+04
1.944617234967328841e+04
1.928602891726350936e+04
1.934963049501838395e+04
1.948095532423592158e+04
1.967424590040145631e+04
1.957807001500572005e+04
1.961409590735301026e+04
1.944049989040413129e+04
1.962294646489801016e+04
1.956359182201481963e+04
1.946491338845670180e+04
1.957474945127458341e+04
1.956029346848808927e+04
1.940249568607973197e+04
1.953357331338402582e+04
