1.967252036180495998e+04
1.973678677501617494e+04
1.989249327745183473e+04
1.989286321117043190e+04
1.982864294618466738e+04
1.989899785234433512e+04
1.984129067127758753e+04
1.977541800859087380e+04
1.972152753526366723e+04
1.978481616685180416e+04
1.979453096789999472e+04
1.966781196937572531e+04
1.960684804701486428e+04
1.977552063122822074e+04
1.966132221232272786e+04
1.973810081409208942e+04
1.986670446777277539e+04
1.971046326218206013e+04
1.976619274288403540e+04
1.988682422756802043e+04
1.979262943541252025e+04
1.978940286662388098e+04
2.000726632431979306e+04
2.016805699024676869e+04
2.035950500857512088e+04
2.024382975372787041e+04
2.047868749313264198e+04
2.051892905462136696e+04
2.055636335721983414e+04
2.060534904155635741e+04
2.050578953124453255e+04
2.055988099799889460e+04
2.055767516207257722e+04
2.066198040201800541e+04
2.067136481303491018e+04
2.050637058486003662e+04
2.057001688524115161e+04
2.070461959487601052e+04
2.091663157755068823e+04
2.081925834970994038e+04
2.086544307769219449e+04
2.069042409909679554e+04
2.088470217658158799e+04
2.081813016679752036e+04
2.072077250668949273e+04
2.083458028891905997e+04
2.082008307494191104e+04
2.065059089302236316e+04
2.078272737106185014e+04
2.080676401944904865e+04
2.071231440789292537e+04
2.077879493308048040e+04
2.095274404050993326e+04
2.094275299358509801e+04
2.086871469273974071e+04
2.095461154009640813e+04
2.089692059142905782e+04
2.082334948114628423e+04
2.077356373633690964e+04
2.083037239304271498e+04
2.083742957324961390e+04
2.070390382150624282e+04
2.063525862113598487e+04
2.081515216997790048e+04
2.068861648284936382e+04
2.076723147344223617e+04
2.090270382364499892e+04
2.073985620287900383e+04
2.079782370696701400e+04
2.092338506158218297e+04
2.082894607159788939e+04
2.084155973122338764e+04
2.106659151612689311e+04
2.122791706291659648e+04
2.143068616816235226e+04
2.130410662033106200e+04
2.154562708947129067e+04
2.158013149763054025e+04
2.162450544956662270e+04
2.167108963111129924e+04
2.155845747554007539e+04
2.161557759318669196e+04
2.161689174978723167e+04
2.172449937261185551e+04
2.172441908998563667e+04
2.154551380324743150e+04
2.161708554526247099e+04
2.176426589077773679e+04
2.197924119337598313e+04
2.187135735184503210e+04
2.191152233034982783e+04
2.171718137072201716e+04
2.192133345070370342e+04
2.185503850542661894e+04
2.174443470206962957e+04
2.186724504525346492e+04
2.185132284067120054e+04
2.167573174192092119e+04
2.182295738024606908e+04
2.184788754751278248e+04
2.174863245411803291e+04
2.181848333469069257e+04
2.200111795807461021e+04
2.199048800241521167e+04
2.191308384438955181e+04
2.200314353946877964e+04
2.194244649139178364e+04
2.186545469847123968e+04
2.181302885018385496e+04
2.187265408854696943e+04
2.188012174960701668e+04
2.173996661754060187e+04
2.166802363566531130e+04
2.185661580038288957e+04
2.172374773422214639e+04
2.180657582054247177e+04
2.194860463825944680e+04
2.177774865322851474e+04
2.183858589367886816e+04
2.197054512240654367e+04
2.187138625858380692e+04
2.188461034428474159e+04
2.212097726790459274e+04
2.229052221653762535e+04
2.250325797891128605e+04
2.237064645922536147e+04
2.262469010067322961e+04
2.266074996980121796e+04
2.270747019689106673e+04
2.275670404688632698e+04
2.263866966107642656e+04
2.269894331413191321e+04
2.270032874768380134e+04
2.281330530170647762e+04
2.281328490502209752e+04
2.262550503783531531e+04
2.270058886690960935e+04
2.285484859245278858e+04
2.308029364322637412e+04
2.296711127739707445e+04
2.300933506352702898e+04
2.280534773515599227e+04
2.301983785321379037e+04
2.295045129943532083e+04
2.283434761431925290e+04
2.296366209864917255e+04
2.294686627879368825e+04
2.276253324868156415e+04
2.291714878733945443e+04
2.294307213777412471e+04
2.283883340867259540e+04
2.291218572763856355e+04
2.310397533771729650e+04
2.309281528493280348e+04
2.301154481755111192e+04
2.310610806009989028e+04
2.304237254708001274e+04
2.296152132676422843e+04
2.290646338142607419e+04
2.296908841184704943e+04
2.297693041247594010e+04
2.282974409352471412e+04
2.275419476567005040e+04
2.295223522242301624e+04
2.281271637706223919e+04
2.289970191101932869e+04
2.304885038876562976e+04
2.286942968745423423e+04
2.293331659399412820e+04
2.307189617932575493e+04
2.296776387736988181e+04
2.298163443751558952e+04
2.322985535886233265e+04
2.340791585466507604e+04
2.363131577219711835e+04
2.349206365961856500e+04
2.375886464791744220e+04
2.379672936414664218e+04
2.384579166797022117e+04
2.389750497273111978e+04
2.377356060703884941e+04
2.383685581675631329e+04
2.383831070297559927e+04
2.395695368544053781e+04
2.395693655009196664e+04
2.375975452332846180e+04
2.383859674922713020e+04
2.400057833362181555e+04
2.423732510440573969e+04
2.411848182835869738e+04
2.416283097212634311e+04
2.394862174326452077e+04
2.417386464526665804e+04
2.410101114298153698e+04
2.397909840062545845e+04
2.411490722194762566e+04
2.409726505943137818e+04
2.390369657837174236e+04
2.406605212249173201e+04
2.409326647920430696e+04
2.398380199848370830e+04
2.406083165506596197e+04
2.426223616427123488e+04
2.425051662976233638e+04
2.416517186792058055e+04
2.426447580543094591e+04
2.419754217709384102e+04
2.411263769038513055e+04
2.405481812042285674e+04
2.412058269051288516e+04
2.412881782902759733e+04
2.397425271466528284e+04
2.389491592179582221e+04
2.410288461117197585e+04
2.395637135883612063e+04
2.404771768164483001e+04
2.420434332242508026e+04
2.401592784050551199e+04
2.408301754752417401e+04
2.422854445252247751e+04
2.411919175401553002e+04
2.413375767787629957e+04
2.439442249624024043e+04
2.458141249040026742e+04
2.481600906722880245e+04
2.466977591958300400e+04
2.494995226729870046e+04
2.498971523057717422e+04
2.504123714278392436e+04
2.509554295682381417e+04
2.496538646513621279e+04
2.503185481617995538e+04
2.503338263934988936e+04
2.515797348030858848e+04
2.515795698545578853e+04
2.495089123591482712e+04
2.503368602242087582e+04
2.520378815417837177e+04
2.545240063608307537e+04
2.532759946013548324e+04
2.537417193338403376e+04
2.514922387952694771e+04
2.538576174917670505e+04
2.530925591617307145e+04
2.518123137905189651e+04
2.532384864079767794e+04
2.530532203196000410e+04
2.510204947234086285e+04
2.527254431138162909e+04
2.530111998004959605e+04
