9.951111078262329102e-01
1.003303766250610352e+00
1.007863521575927734e+00
9.998198151588439941e-01
9.967827796936035156e-01
1.003343224525451660e+00
9.969609379768371582e-01
9.962992668151855469e-01
9.972062110900878906e-01
1.003140211105346680e+00
1.000262737274169922e+00
9.933562874794006348e-01
9.972220659255981445e-01
1.008250117301940918e+00
9.940421581268310547e-01
1.003575801849365234e+00
1.006429910659790039e+00
9.919014573097229004e-01
1.002568960189819336e+00
1.005775690078735352e+00
9.952560663223266602e-01
1.000193715095520020e+00
1.010798692703247070e+00
1.008038997650146484e+00
1.009470462799072266e+00
9.937739968299865723e-01
1.011578202247619629e+00
1.001801013946533203e+00
1.001885414123535156e+00
1.002341866493225098e+00
9.951265454292297363e-01
1.002877473831176758e+00
9.997376203536987305e-01
1.004838347434997559e+00
1.000197291374206543e+00
9.919971227645874023e-01
1.003350019454956055e+00
1.006680488586425781e+00
1.009985446929931641e+00
9.957378506660461426e-01
1.002029538154602051e+00
9.916652441024780273e-01
1.009185791015625000e+00
9.966976642608642578e-01
9.950667023658752441e-01
1.005261659622192383e+00
9.997160434722900391e-01
9.924865365028381348e-01
1.006855010986328125e+00
1.000795602798461914e+00
9.954728484153747559e-01
1.003201484680175781e+00
1.008358716964721680e+00
9.995592832565307617e-01
9.964764118194580078e-01
1.004070520401000977e+00
9.972484111785888672e-01
9.964934587478637695e-01
9.976076483726501465e-01
1.002775073051452637e+00
1.000364303588867188e+00
9.935976862907409668e-01
9.967008829116821289e-01
1.008717417716979980e+00
9.939241409301757812e-01
1.003806591033935547e+00
1.006535172462463379e+00
9.922039508819580078e-01
1.002806663513183594e+00
1.006040334701538086e+00
9.954773187637329102e-01
1.000563144683837891e+00
1.010804414749145508e+00
1.007672429084777832e+00
1.009542822837829590e+00
9.941041469573974609e-01
1.011359930038452148e+00
1.001621246337890625e+00
1.002041339874267578e+00
1.002162933349609375e+00
9.948059320449829102e-01
1.002639532089233398e+00
1.000052452087402344e+00
1.004985094070434570e+00
1.000040769577026367e+00
9.917647838592529297e-01
1.003297805786132812e+00
1.006786942481994629e+00
1.009922027587890625e+00
9.951115846633911133e-01
1.001840114593505859e+00
9.911494255065917969e-01
1.009384870529174805e+00
9.969752430915832520e-01
9.949560165405273438e-01
1.005642771720886230e+00
9.992614984512329102e-01
9.919327497482299805e-01
1.006755709648132324e+00
1.001144409179687500e+00
