9.954419136047363281e-01
1.003266811370849609e+00
1.007889151573181152e+00
1.000018596649169922e+00
9.967716932296752930e-01
1.003548145294189453e+00
9.970999956130981445e-01
9.966800212860107422e-01
9.972748756408691406e-01
1.003209114074707031e+00
1.000491023063659668e+00
9.935982823371887207e-01
9.969003200531005859e-01
1.008602738380432129e+00
9.942252635955810547e-01
1.003905057907104492e+00
1.006515502929687500e+00
9.921355247497558594e-01
1.002827405929565430e+00
1.006102919578552246e+00
9.952634572982788086e-01
9.998369812965393066e-01
1.011009097099304199e+00
1.008036613464355469e+00
1.009492635726928711e+00
9.943183660507202148e-01
1.011601448059082031e+00
1.001965045928955078e+00
1.001824378967285156e+00
1.002382993698120117e+00
9.951682686805725098e-01
1.002637863159179688e+00
9.998927116394042969e-01
1.005073785781860352e+00
1.000454187393188477e+00
9.920182228088378906e-01
1.003103733062744141e+00
1.006543636322021484e+00
1.010239839553833008e+00
9.953446984291076660e-01
1.002218365669250488e+00
9.916120171546936035e-01
1.009389758110046387e+00
9.968124032020568848e-01
9.953234195709228516e-01
1.005492448806762695e+00
9.993041753768920898e-01
9.918591976165771484e-01
1.006398677825927734e+00
1.001156568527221680e+00
9.954606294631958008e-01
1.003209710121154785e+00
1.008371472358703613e+00
9.995231628417968750e-01
9.964647293090820312e-01
1.004116058349609375e+00
9.972468614578247070e-01
9.964793324470520020e-01
9.976091384887695312e-01
1.002734661102294922e+00
1.000338792800903320e+00
9.935920238494873047e-01
9.966844320297241211e-01
1.008717775344848633e+00
9.939209818840026855e-01
1.003799915313720703e+00
1.006523370742797852e+00
9.922092556953430176e-01
1.002794981002807617e+00
1.006037235260009766e+00
9.954864382743835449e-01
1.000605583190917969e+00
1.010797262191772461e+00
1.007657885551452637e+00
1.009552001953125000e+00
9.940935373306274414e-01
1.011336803436279297e+00
1.001601457595825195e+00
1.002056241035461426e+00
1.002154231071472168e+00
9.948026537895202637e-01
1.002649545669555664e+00
1.000060796737670898e+00
1.004977941513061523e+00
9.999963045120239258e-01
9.917647838592529297e-01
1.003321886062622070e+00
1.006808519363403320e+00
1.009877443313598633e+00
9.950915575027465820e-01
1.001836419105529785e+00
9.911306500434875488e-01
1.009400486946105957e+00
9.969757795333862305e-01
9.949392080307006836e-01
1.005647897720336914e+00
9.992718696594238281e-01
9.919642806053161621e-01
1.006792187690734863e+00
1.001142382621765137e+00
9.954569935798645020e-01
1.003211736679077148e+00
1.008370637893676758e+00
9.995168447494506836e-01
9.964801073074340820e-01
1.004109859466552734e+00
9.972414374351501465e-01
9.964911937713623047e-01
9.976023435592651367e-01
1.002733469009399414e+00
1.000341415405273438e+00
9.935944080352783203e-01
9.966907501220703125e-01
1.008703708648681641e+00
9.939209222793579102e-01
1.003812789916992188e+00
1.006513118743896484e+00
9.922156333923339844e-01
1.002793550491333008e+00
1.006042480468750000e+00
9.954867362976074219e-01
1.000604629516601562e+00
1.010800600051879883e+00
1.007664442062377930e+00
1.009543776512145996e+00
9.941070079803466797e-01
1.011356115341186523e+00
1.001593828201293945e+00
1.002061724662780762e+00
1.002168178558349609e+00
9.948132038116455078e-01
1.002662420272827148e+00
1.000061035156250000e+00
1.004976868629455566e+00
9.999991059303283691e-01
9.917688369750976562e-01
1.003318548202514648e+00
1.006795406341552734e+00
1.009864211082458496e+00
9.950961470603942871e-01
1.001838445663452148e+00
9.911345839500427246e-01
1.009405255317687988e+00
9.969857931137084961e-01
9.949411153793334961e-01
1.005663156509399414e+00
9.992685914039611816e-01
9.919669628143310547e-01
1.006792545318603516e+00
1.001131176948547363e+00
9.954566359519958496e-01
1.003211736679077148e+00
1.008370637893676758e+00
9.995169639587402344e-01
9.964807033538818359e-01
1.004109382629394531e+00
9.972416162490844727e-01
9.964911937713623047e-01
9.976021647453308105e-01
1.002733945846557617e+00
1.000341415405273438e+00
9.935941696166992188e-01
9.966907501220703125e-01
1.008703470230102539e+00
9.939213395118713379e-01
1.003813028335571289e+00
1.006513118743896484e+00
9.922156333923339844e-01
1.002793550491333008e+00
1.006042718887329102e+00
9.954866170883178711e-01
1.000603914260864258e+00
1.010800838470458984e+00
1.007665157318115234e+00
1.009543776512145996e+00
9.941073060035705566e-01
1.011357069015502930e+00
1.001593708992004395e+00
1.002061724662780762e+00
1.002168655395507812e+00
9.948135018348693848e-01
1.002662420272827148e+00
1.000061035156250000e+00
1.004976987838745117e+00
9.999992847442626953e-01
9.917693138122558594e-01
1.003318309783935547e+00
1.006794929504394531e+00
1.009864211082458496e+00
9.950966835021972656e-01
1.001838803291320801e+00
9.911347627639770508e-01
1.009405255317687988e+00
9.969862699508666992e-01
9.949415922164916992e-01
1.005663633346557617e+00
9.992684125900268555e-01
9.919672012329101562e-01
1.006792068481445312e+00
1.001130819320678711e+00
9.954566359519958496e-01
1.003211736679077148e+00
1.008370637893676758e+00
9.995169639587402344e-01
9.964807033538818359e-01
1.004109382629394531e+00
9.972414970397949219e-01
9.964911937713623047e-01
9.976021051406860352e-01
1.002733945846557617e+00
1.000341415405273438e+00
9.935941696166992188e-01
9.966907501220703125e-01
1.008703470230102539e+00
9.939213395118713379e-01
1.003813028335571289e+00
1.006513118743896484e+00
9.922156333923339844e-01
1.002793550491333008e+00
1.006042718887329102e+00
9.954866170883178711e-01
1.000603914260864258e+00
1.010800838470458984e+00
1.007665276527404785e+00
1.009543657302856445e+00
9.941073060035705566e-01
1.011357069015502930e+00
1.001593708992004395e+00
1.002061724662780762e+00
1.002168655395507812e+00
9.948135614395141602e-01
1.002662420272827148e+00
1.000061035156250000e+00
1.004976987838745117e+00
9.999993443489074707e-01
9.917693734169006348e-01
1.003318309783935547e+00
1.006794929504394531e+00
1.009864091873168945e+00
9.950966835021972656e-01
1.001838803291320801e+00
9.911347627639770508e-01
1.009405374526977539e+00
9.969862699508666992e-01
9.949415922164916992e-01
1.005663633346557617e+00
9.992684125900268555e-01
9.919672012329101562e-01
1.006792068481445312e+00
1.001130700111389160e+00
