0.000000000000000000e+00
0.000000000000000000e+00
0.000000000000000000e+00
8.471999999999752617e+01
8.471999999999752617e+01
8.471999999999752617e+01
-4.814000000000305590e+01
-4.814000000000305590e+01
-4.814000000000305590e+01
-4.814000000000305590e+01
-4.814000000000305590e+01
2.362999999999738066e+01
2.362999999999738066e+01
2.362999999999738066e+01
2.538699999999953434e+02
2.538699999999953434e+02
2.538699999999953434e+02
2.628399999999965075e+02
2.628399999999965075e+02
2.628399999999965075e+02
5.175299999999951979e+02
5.175299999999951979e+02
5.175299999999951979e+02
5.175299999999951979e+02
5.175299999999951979e+02
9.038399999999965075e+02
9.038399999999965075e+02
9.038399999999965075e+02
9.038399999999965075e+02
9.038399999999965075e+02
1.089219999999997526e+03
1.089219999999997526e+03
1.125239999999997963e+03
1.125239999999997963e+03
1.125239999999997963e+03
1.101069999999999709e+03
1.101069999999999709e+03
1.101069999999999709e+03
1.101069999999999709e+03
1.059560000000001310e+03
1.059560000000001310e+03
9.688200000000033469e+02
9.688200000000033469e+02
9.658700000000026193e+02
9.658700000000026193e+02
9.658700000000026193e+02
9.696300000000010186e+02
9.696300000000010186e+02
9.696300000000010186e+02
9.696300000000010186e+02
9.921599999999998545e+02
9.921599999999998545e+02
9.921599999999998545e+02
1.037840000000000146e+03
1.037840000000000146e+03
1.037840000000000146e+03
1.055720000000001164e+03
1.055720000000001164e+03
1.055720000000001164e+03
1.055720000000001164e+03
1.055720000000001164e+03
1.114619999999998981e+03
1.114619999999998981e+03
1.114619999999998981e+03
1.187279999999998836e+03
1.187279999999998836e+03
1.187279999999998836e+03
1.129069999999999709e+03
1.129069999999999709e+03
1.129069999999999709e+03
1.110369999999998981e+03
1.110369999999998981e+03
1.110369999999998981e+03
1.110369999999998981e+03
1.110369999999998981e+03
1.205559999999997672e+03
1.205559999999997672e+03
1.205559999999997672e+03
1.205559999999997672e+03
1.205559999999997672e+03
1.140159999999996217e+03
1.140159999999996217e+03
1.140159999999996217e+03
1.140159999999996217e+03
1.140159999999996217e+03
9.693699999999953434e+02
9.693699999999953434e+02
9.693699999999953434e+02
9.693699999999953434e+02
1.017379999999997381e+03
1.017379999999997381e+03
1.032919999999998254e+03
1.032919999999998254e+03
1.072360000000000582e+03
1.072360000000000582e+03
1.072360000000000582e+03
1.113040000000000873e+03
1.113040000000000873e+03
1.113040000000000873e+03
1.190360000000000582e+03
