1.029581069946289062e+00
9.879252910614013672e-01
9.842263460159301758e-01
1.000797748565673828e+00
9.734413623809814453e-01
1.000493288040161133e+00
1.030809640884399414e+00
1.002614140510559082e+00
1.008507013320922852e+00
1.025790572166442871e+00
9.936718344688415527e-01
9.806685447692871094e-01
9.991374611854553223e-01
1.009817838668823242e+00
9.924268722534179688e-01
1.005717515945434570e+00
9.901686906814575195e-01
9.796199202537536621e-01
1.008368134498596191e+00
1.001614332199096680e+00
1.000562667846679688e+00
9.917991161346435547e-01
1.021068453788757324e+00
1.011453628540039062e+00
1.010524868965148926e+00
9.946715831756591797e-01
1.003312349319458008e+00
1.024005174636840820e+00
1.003740310668945312e+00
9.948011636734008789e-01
1.007277965545654297e+00
9.717944264411926270e-01
9.952027797698974609e-01
9.858099818229675293e-01
1.017093181610107422e+00
1.000584959983825684e+00
9.979099035263061523e-01
9.999183416366577148e-01
9.660928249359130859e-01
1.009119987487792969e+00
9.920127391815185547e-01
1.001211881637573242e+00
9.845520257949829102e-01
1.018485784530639648e+00
9.629006385803222656e-01
9.773521423339843750e-01
1.011208772659301758e+00
9.675991535186767578e-01
1.006668806076049805e+00
1.001820325851440430e+00
1.029908180236816406e+00
9.908606410026550293e-01
9.854922294616699219e-01
1.001019001007080078e+00
9.734168052673339844e-01
1.001039981842041016e+00
1.030754923820495605e+00
1.003530740737915039e+00
1.008166670799255371e+00
1.024641990661621094e+00
9.934494495391845703e-01
9.788088202476501465e-01
9.981880187988281250e-01
1.009531259536743164e+00
9.930197000503540039e-01
1.003733873367309570e+00
9.896330833435058594e-01
9.789681434631347656e-01
1.008646488189697266e+00
9.990435242652893066e-01
1.000559091567993164e+00
9.919234514236450195e-01
1.019744873046875000e+00
1.012926101684570312e+00
1.010455369949340820e+00
9.953418374061584473e-01
1.005350351333618164e+00
1.022768497467041016e+00
1.002733230590820312e+00
9.945542216300964355e-01
1.007822394371032715e+00
9.722933769226074219e-01
9.960807561874389648e-01
9.839840531349182129e-01
1.017985820770263672e+00
9.995330572128295898e-01
9.999319314956665039e-01
9.998798370361328125e-01
9.640140533447265625e-01
1.008512258529663086e+00
9.932367801666259766e-01
1.000655174255371094e+00
9.835354089736938477e-01
1.017582416534423828e+00
9.646202325820922852e-01
9.792206287384033203e-01
1.010597944259643555e+00
9.653380513191223145e-01
1.006293773651123047e+00
1.001148939132690430e+00
1.029838562011718750e+00
9.908232688903808594e-01
9.855864048004150391e-01
1.000926256179809570e+00
9.733223915100097656e-01
1.000907182693481445e+00
1.030745744705200195e+00
1.003486633300781250e+00
1.008277177810668945e+00
1.024624943733215332e+00
9.933683872222900391e-01
9.787416458129882812e-01
9.982421398162841797e-01
1.009535670280456543e+00
9.930638074874877930e-01
1.003705263137817383e+00
9.895576834678649902e-01
9.789444804191589355e-01
1.008779048919677734e+00
9.989259839057922363e-01
1.000580668449401855e+00
9.919894337654113770e-01
1.019859790802001953e+00
1.012974739074707031e+00
1.010525226593017578e+00
9.953629970550537109e-01
1.005405187606811523e+00
1.022803306579589844e+00
1.002816438674926758e+00
9.944587945938110352e-01
1.007906556129455566e+00
9.722031354904174805e-01
9.961250424385070801e-01
9.839733839035034180e-01
1.017956018447875977e+00
9.994451999664306641e-01
9.998881816864013672e-01
9.999530315399169922e-01
9.640562534332275391e-01
1.008598804473876953e+00
9.933153390884399414e-01
1.000604152679443359e+00
9.836263656616210938e-01
1.017527937889099121e+00
9.645735025405883789e-01
9.790954589843750000e-01
1.010689258575439453e+00
9.652515649795532227e-01
1.006346583366394043e+00
1.001135110855102539e+00
1.029809474945068359e+00
9.908150434494018555e-01
9.856048822402954102e-01
1.000903129577636719e+00
9.732905626296997070e-01
1.000890254974365234e+00
1.030751228332519531e+00
1.003484249114990234e+00
1.008306860923767090e+00
1.024614334106445312e+00
9.933466911315917969e-01
9.787172079086303711e-01
9.982564449310302734e-01
1.009537816047668457e+00
9.930719733238220215e-01
1.003681898117065430e+00
9.895300269126892090e-01
9.789360761642456055e-01
1.008821725845336914e+00
9.988911151885986328e-01
1.000612735748291016e+00
9.920299649238586426e-01
1.019891262054443359e+00
1.012992858886718750e+00
1.010556578636169434e+00
9.953823089599609375e-01
1.005440711975097656e+00
1.022813796997070312e+00
1.002824544906616211e+00
9.944307804107666016e-01
1.007940888404846191e+00
9.721876382827758789e-01
9.961376190185546875e-01
9.839648008346557617e-01
1.017960786819458008e+00
9.994327425956726074e-01
9.998792409896850586e-01
9.999812841415405273e-01
9.640475511550903320e-01
1.008632421493530273e+00
9.933500289916992188e-01
1.000606536865234375e+00
9.836496114730834961e-01
1.017539739608764648e+00
9.645624160766601562e-01
9.790639877319335938e-01
1.010712742805480957e+00
9.652303457260131836e-01
1.006382942199707031e+00
1.001120328903198242e+00
1.029808521270751953e+00
9.908160567283630371e-01
9.856057167053222656e-01
1.000904083251953125e+00
9.732891917228698730e-01
1.000891923904418945e+00
1.030751705169677734e+00
1.003485798835754395e+00
1.008308410644531250e+00
1.024614095687866211e+00
9.933469891548156738e-01
9.787163734436035156e-01
9.982550144195556641e-01
1.009538412094116211e+00
9.930714368820190430e-01
1.003680229187011719e+00
9.895287752151489258e-01
9.789349436759948730e-01
1.008823156356811523e+00
9.988898038864135742e-01
1.000613689422607422e+00
9.920322895050048828e-01
1.019891977310180664e+00
1.012994289398193359e+00
1.010557532310485840e+00
9.953850507736206055e-01
1.005444526672363281e+00
1.022814035415649414e+00
1.002823233604431152e+00
9.944303035736083984e-01
1.007943153381347656e+00
9.721890091896057129e-01
9.961386919021606445e-01
9.839634895324707031e-01
1.017963171005249023e+00
9.994326233863830566e-01
9.998816251754760742e-01
9.999816417694091797e-01
9.640455245971679688e-01
1.008633613586425781e+00
9.933509826660156250e-01
1.000607013702392578e+00
9.836472868919372559e-01
1.017540931701660156e+00
9.645637273788452148e-01
9.790635704994201660e-01
1.010712504386901855e+00
9.652295112609863281e-01
1.006384611129760742e+00
1.001119852066040039e+00
