1.030642271041870117e+00
9.894832968711853027e-01
9.847401380538940430e-01
9.998133778572082520e-01
9.740297794342041016e-01
9.996020793914794922e-01
1.031280279159545898e+00
1.002468109130859375e+00
1.007733941078186035e+00
1.025627732276916504e+00
9.933617115020751953e-01
9.794987440109252930e-01
9.988994598388671875e-01
1.009411811828613281e+00
9.930136799812316895e-01
1.004664182662963867e+00
9.896463751792907715e-01
9.797511100769042969e-01
1.008568644523620605e+00
1.000448465347290039e+00
1.000273227691650391e+00
9.909524917602539062e-01
1.020142078399658203e+00
1.012094974517822266e+00
1.010282993316650391e+00
9.937557578086853027e-01
1.002710223197937012e+00
1.023476004600524902e+00
1.004167079925537109e+00
9.943817257881164551e-01
1.006619930267333984e+00
9.707012176513671875e-01
9.948015213012695312e-01
9.845522642135620117e-01
1.016874909400939941e+00
9.995965957641601562e-01
9.980587363243103027e-01
9.992883801460266113e-01
9.651268720626831055e-01
1.008509635925292969e+00
9.926657676696777344e-01
1.000798940658569336e+00
9.849417209625244141e-01
1.017408847808837891e+00
9.627794027328491211e-01
9.785270690917968750e-01
1.010720729827880859e+00
9.652465581893920898e-01
1.005688905715942383e+00
1.001068472862243652e+00
1.029938459396362305e+00
9.908855557441711426e-01
9.854958057403564453e-01
1.001068592071533203e+00
9.733940958976745605e-01
1.001002550125122070e+00
1.030713796615600586e+00
1.003528833389282227e+00
1.008186101913452148e+00
1.024637460708618164e+00
9.934431314468383789e-01
9.788031578063964844e-01
9.982430934906005859e-01
1.009544372558593750e+00
9.930669069290161133e-01
1.003765583038330078e+00
9.896320104598999023e-01
9.789697527885437012e-01
1.008642435073852539e+00
9.990094304084777832e-01
1.000562667846679688e+00
9.918669462203979492e-01
1.019729137420654297e+00
1.012916088104248047e+00
1.010425567626953125e+00
9.953383207321166992e-01
1.005375742912292480e+00
1.022747755050659180e+00
1.002756834030151367e+00
9.945728182792663574e-01
1.007867693901062012e+00
9.723360538482666016e-01
9.961421489715576172e-01
9.840077161788940430e-01
1.017953634262084961e+00
9.995442032814025879e-01
9.999109506607055664e-01
9.999123811721801758e-01
9.640673398971557617e-01
1.008512973785400391e+00
9.932132959365844727e-01
1.000603199005126953e+00
9.835574626922607422e-01
1.017568469047546387e+00
9.646791219711303711e-01
9.792648553848266602e-01
1.010662078857421875e+00
9.653648138046264648e-01
1.006306171417236328e+00
1.001147508621215820e+00
