1.582035886049270630e+02
1.630513058467557528e+02
1.613365436683998553e+02
1.588745702851581711e+02
1.588449207724164296e+02
1.547196831442003884e+02
1.546581169937335574e+02
1.594958660675872579e+02
1.598895192709630066e+02
1.611260953920241263e+02
1.652553918275558260e+02
1.641583788607669021e+02
1.607929259129907962e+02
1.606159668403975047e+02
1.621276540969701045e+02
1.609949784215565103e+02
1.617458884087345723e+02
1.600712321638582409e+02
1.568299674039179763e+02
1.581737876452531566e+02
1.582447231078616596e+02
1.582879599482722881e+02
1.568558483263877008e+02
1.600152511208227111e+02
1.619506315055919856e+02
1.636159687669913012e+02
1.625943110316436275e+02
1.630349779052541805e+02
1.668623877966043949e+02
1.675577167031188139e+02
1.666163315043635862e+02
1.677193200003214884e+02
1.628053481479713582e+02
1.619590080135847359e+02
1.594571080495572915e+02
1.621479323012294742e+02
1.620825211385064790e+02
1.617678762277560907e+02
1.616527589952973187e+02
1.560154216494340744e+02
1.573430560864018162e+02
1.561890655575012090e+02
1.563138513523990412e+02
1.539600337613121326e+02
1.566403005577063539e+02
1.508100550148425043e+02
1.475717211232464763e+02
1.491537976756441708e+02
1.439701898472924881e+02
1.447892226832400695e+02
1.449439260384224610e+02
1.492833238828731055e+02
1.479226893490178156e+02
1.457771899272907490e+02
1.459329662766574529e+02
1.420502877705328046e+02
1.421927003043107902e+02
1.465599779816804471e+02
1.470771637255146800e+02
1.482811523769132407e+02
1.519344234424280558e+02
1.509382093992156513e+02
1.477387959935954029e+02
1.474792327412234272e+02
1.488868294831612218e+02
1.478545832373107487e+02
1.484113419480885341e+02
1.468726147071385242e+02
1.437838473112544193e+02
1.450264898763106487e+02
1.448828310454739778e+02
1.449643519560391951e+02
1.437853490854555787e+02
1.466221099966392956e+02
1.485158940873866413e+02
1.500642565848721119e+02
1.493647051511000825e+02
1.501676514061627756e+02
1.535836283568829401e+02
1.540070329300113201e+02
1.531712087760291467e+02
1.543763129611346017e+02
1.501056549522746195e+02
1.495265696969419764e+02
1.471352983555520950e+02
1.497769116892704346e+02
1.497086438644008126e+02
1.496953124085780189e+02
1.496821962807746615e+02
1.443037167983703739e+02
1.455321705566107369e+02
1.445444867833365095e+02
1.446316758739608019e+02
1.422535641475223542e+02
1.447527414861512511e+02
1.396399475597744129e+02
1.367444930530672593e+02
1.382024736213172389e+02
1.334158052147817273e+02
1.342571481522347483e+02
