0.000000000000000000e+00
0.000000000000000000e+00
-5.599980000000073233e-01
-5.599980000000073233e-01
-5.599980000000073233e-01
-5.599980000000073233e-01
-5.599980000000073233e-01
-5.599980000000073233e-01
-2.750000999999997475e+00
-2.750000999999997475e+00
-2.750000999999997475e+00
-2.750000999999997475e+00
9.900039999999989959e-01
9.900039999999989959e-01
9.900039999999989959e-01
9.900039999999989959e-01
9.900039999999989959e-01
-3.699969999999837000e-01
-3.699969999999837000e-01
-1.649995999999987362e+00
-1.649995999999987362e+00
-1.359986999999989621e+00
-1.359986999999989621e+00
-1.359986999999989621e+00
-1.359986999999989621e+00
-1.009996000000001004e+00
-1.009996000000001004e+00
4.599900000000047839e-01
4.599900000000047839e-01
1.229994000000004917e+00
1.229994000000004917e+00
1.229994000000004917e+00
1.229994000000004917e+00
-1.900039999999876272e-01
-1.900039999999876272e-01
-1.900039999999876272e-01
-1.900039999999876272e-01
-1.900039999999876272e-01
-1.900039999999876272e-01
-1.900039999999876272e-01
-1.900039999999876272e-01
-1.900039999999876272e-01
8.800030000000163000e-01
8.800030000000163000e-01
-5.000499999999874490e-02
-5.000499999999874490e-02
6.000040000000126383e-01
6.000040000000126383e-01
-1.400019999999813081e-01
-1.400019999999813081e-01
1.290005000000007840e+00
1.290005000000007840e+00
1.340008000000011634e+00
1.340008000000011634e+00
1.340008000000011634e+00
1.340008000000011634e+00
1.340008000000011634e+00
1.340008000000011634e+00
1.969998000000003913e+00
1.969998000000003913e+00
1.969998000000003913e+00
1.969998000000003913e+00
2.329999000000015030e+00
2.329999000000015030e+00
2.329999000000015030e+00
2.329999000000015030e+00
2.329999000000015030e+00
1.389997000000022354e+00
1.389997000000022354e+00
1.469999000000001388e+00
1.469999000000001388e+00
3.040006000000005315e+00
3.040006000000005315e+00
3.040006000000005315e+00
3.040006000000005315e+00
-6.629991999999987229e+00
-6.629991999999987229e+00
-6.989992999999998347e+00
-6.989992999999998347e+00
-6.729984000000001743e+00
-6.729984000000001743e+00
-6.729984000000001743e+00
-6.729984000000001743e+00
-8.389972000000000207e+00
-8.389972000000000207e+00
-8.389972000000000207e+00
-8.389972000000000207e+00
-8.389972000000000207e+00
-8.389972000000000207e+00
-8.389972000000000207e+00
-8.389972000000000207e+00
-8.989978000000007796e+00
-8.989978000000007796e+00
-8.989978000000007796e+00
-9.139972000000000207e+00
-9.139972000000000207e+00
-8.479969000000011192e+00
-8.479969000000011192e+00
-7.999973000000011325e+00
-7.999973000000011325e+00
-8.709965000000011059e+00
-8.709965000000011059e+00
-7.809955999999999676e+00
-7.809955999999999676e+00
-7.809955999999999676e+00
-7.809955999999999676e+00
-7.809955999999999676e+00
-7.809955999999999676e+00
-8.379947999999984631e+00
-8.379947999999984631e+00
-8.379947999999984631e+00
-8.379947999999984631e+00
-8.819949999999977308e+00
-8.819949999999977308e+00
-8.819949999999977308e+00
-8.819949999999977308e+00
-8.819949999999977308e+00
-9.979953999999963798e+00
-9.979953999999963798e+00
-1.026994699999994509e+01
-1.026994699999994509e+01
-1.074994299999994496e+01
-1.074994299999994496e+01
-1.074994299999994496e+01
-1.074994299999994496e+01
-1.048994799999994143e+01
-1.048994799999994143e+01
-1.179994499999992286e+01
-1.179994499999992286e+01
-1.131994899999992299e+01
-1.131994899999992299e+01
-1.131994899999992299e+01
-1.131994899999992299e+01
-1.026994599999991920e+01
-1.026994599999991920e+01
-1.026994599999991920e+01
-1.026994599999991920e+01
-1.026994599999991920e+01
-1.026994599999991920e+01
-1.026994599999991920e+01
-1.026994599999991920e+01
-1.256994899999989457e+01
-1.256994899999989457e+01
-1.256994899999989457e+01
-1.218994399999991174e+01
-1.218994399999991174e+01
-1.303994999999991933e+01
-1.303994999999991933e+01
-1.281994799999992551e+01
-1.281994799999992551e+01
-1.417994799999991073e+01
-1.417994799999991073e+01
-1.410995599999989736e+01
-1.410995599999989736e+01
-1.410995599999989736e+01
-1.410995599999989736e+01
-1.410995599999989736e+01
-1.410995599999989736e+01
-1.624995499999991466e+01
-1.624995499999991466e+01
-1.624995499999991466e+01
-1.624995499999991466e+01
-1.544995199999991087e+01
-1.544995199999991087e+01
-1.544995199999991087e+01
-1.544995199999991087e+01
-1.544995199999991087e+01
-1.497995099999991453e+01
-1.497995099999991453e+01
-1.601995999999991227e+01
-1.601995999999991227e+01
-1.693997299999992379e+01
-1.693997299999992379e+01
-1.693997299999992379e+01
-1.693997299999992379e+01
-1.339996499999992352e+01
-1.339996499999992352e+01
-1.411995099999992931e+01
-1.411995099999992931e+01
-1.427995499999994422e+01
-1.427995499999994422e+01
-1.427995499999994422e+01
-1.427995499999994422e+01
-1.428996499999996672e+01
-1.428996499999996672e+01
-1.428996499999996672e+01
-1.428996499999996672e+01
-1.428996499999996672e+01
-1.428996499999996672e+01
-1.428996499999996672e+01
-1.428996499999996672e+01
-1.264996599999997784e+01
-1.264996599999997784e+01
-1.264996599999997784e+01
-1.153996499999996672e+01
-1.153996499999996672e+01
-1.212996099999995181e+01
-1.212996099999995181e+01
-1.239996499999995194e+01
-1.239996499999995194e+01
5.900410000000420041e-01
5.900410000000420041e-01
1.760054000000053520e+00
1.760054000000053520e+00
1.760054000000053520e+00
1.760054000000053520e+00
1.760054000000053520e+00
1.760054000000053520e+00
-3.429947999999939157e+00
-3.429947999999939157e+00
-3.429947999999939157e+00
-3.429947999999939157e+00
-5.199951999999939289e+00
-5.199951999999939289e+00
-5.199951999999939289e+00
-5.199951999999939289e+00
-5.199951999999939289e+00
-6.339950999999956593e+00
-6.339950999999956593e+00
-5.849945999999960122e+00
-5.849945999999960122e+00
-3.829956999999978962e+00
-3.829956999999978962e+00
-3.829956999999978962e+00
-3.829956999999978962e+00
-1.029953999999975167e+00
-1.029953999999975167e+00
-8.899539999999888096e-01
-8.899539999999888096e-01
1.900480000000186465e-01
1.900480000000186465e-01
1.900480000000186465e-01
1.900480000000186465e-01
1.570053000000029897e+00
1.570053000000029897e+00
1.570053000000029897e+00
1.570053000000029897e+00
1.570053000000029897e+00
1.570053000000029897e+00
1.570053000000029897e+00
1.570053000000029897e+00
-1.339950999999956593e+00
-1.339950999999956593e+00
-1.339950999999956593e+00
-1.619949999999960255e+00
-1.619949999999960255e+00
-6.199499999999602551e-01
-6.199499999999602551e-01
-3.199469999999564607e-01
-3.199469999999564607e-01
