0.000000000000000000e+00
0.000000000000000000e+00
0.000000000000000000e+00
8.300020000000074560e-01
8.300020000000074560e-01
8.300020000000074560e-01
8.300020000000074560e-01
8.300020000000074560e-01
8.300020000000074560e-01
1.070007000000003927e+00
1.070007000000003927e+00
1.070007000000003927e+00
1.070007000000003927e+00
1.550003000000003794e+00
1.550003000000003794e+00
3.940002000000021098e+00
3.940002000000021098e+00
3.940002000000021098e+00
3.940002000000021098e+00
3.940002000000021098e+00
9.299920000000270193e-01
9.299920000000270193e-01
9.299920000000270193e-01
9.299920000000270193e-01
4.809997000000009848e+00
4.809997000000009848e+00
4.809997000000009848e+00
4.809997000000009848e+00
8.000000000000028422e+00
8.000000000000028422e+00
9.549988000000013244e+00
9.549988000000013244e+00
9.549988000000013244e+00
9.549988000000013244e+00
9.549988000000013244e+00
1.093998700000000213e+01
1.093998700000000213e+01
1.093998700000000213e+01
1.093998700000000213e+01
1.306997699999999440e+01
1.306997699999999440e+01
1.258998099999999454e+01
1.258998099999999454e+01
1.249998500000000945e+01
1.249998500000000945e+01
1.249998500000000945e+01
1.314999400000002083e+01
1.314999400000002083e+01
1.314999400000002083e+01
1.314999400000002083e+01
1.392999200000002702e+01
1.392999200000002702e+01
1.392999200000002702e+01
1.211000000000004206e+01
1.211000000000004206e+01
1.211000000000004206e+01
1.211000000000004206e+01
1.211000000000004206e+01
1.211000000000004206e+01
1.127000300000003108e+01
1.127000300000003108e+01
1.127000300000003108e+01
1.127000300000003108e+01
1.129000700000003121e+01
1.129000700000003121e+01
1.085999900000001617e+01
1.085999900000001617e+01
1.085999900000001617e+01
1.024000400000002742e+01
1.024000400000002742e+01
9.109999000000044589e+00
9.109999000000044589e+00
9.109999000000044589e+00
9.109999000000044589e+00
3.099960000000407945e-01
3.099960000000407945e-01
3.099960000000407945e-01
3.099960000000407945e-01
-1.001099999996313272e-02
-1.001099999996313272e-02
-4.002499999995734470e-02
-4.002499999995734470e-02
-4.002499999995734470e-02
-4.002499999995734470e-02
3.799730000000351993e-01
3.799730000000351993e-01
3.799730000000351993e-01
3.799730000000351993e-01
3.799730000000351993e-01
-2.200329999999723896e-01
-2.200329999999723896e-01
9.199670000000423897e-01
9.199670000000423897e-01
-1.830032999999957610e+00
-1.830032999999957610e+00
-1.830032999999957610e+00
-1.170029999999968595e+00
-1.170029999999968595e+00
-1.170029999999968595e+00
-1.170029999999968595e+00
-7.100239999999757856e-01
-7.100239999999757856e-01
-7.100239999999757856e-01
-6.700309999999944921e-01
-6.700309999999944921e-01
-6.700309999999944921e-01
-6.700309999999944921e-01
-6.700309999999944921e-01
-6.700309999999944921e-01
1.379972000000009302e+00
1.379972000000009302e+00
1.379972000000009302e+00
1.379972000000009302e+00
1.789974999999998317e+00
1.789974999999998317e+00
1.249966000000000577e+00
1.249966000000000577e+00
1.249966000000000577e+00
1.859966999999983273e+00
1.859966999999983273e+00
2.979961999999972022e+00
2.979961999999972022e+00
2.979961999999972022e+00
2.979961999999972022e+00
2.059963999999979478e+00
2.059963999999979478e+00
2.059963999999979478e+00
2.059963999999979478e+00
-5.800360000000353011e-01
-5.800360000000353011e-01
-8.100320000000351683e-01
-8.100320000000351683e-01
-8.100320000000351683e-01
-8.100320000000351683e-01
-2.040042000000028111e+00
-2.040042000000028111e+00
-2.040042000000028111e+00
-2.040042000000028111e+00
-2.040042000000028111e+00
-3.130039000000039096e+00
-3.130039000000039096e+00
-3.960040000000020655e+00
-3.960040000000020655e+00
-4.740054000000014867e+00
-4.740054000000014867e+00
-4.740054000000014867e+00
-5.590060000000022455e+00
-5.590060000000022455e+00
-5.590060000000022455e+00
-5.590060000000022455e+00
-8.420061000000004015e+00
-8.420061000000004015e+00
-8.420061000000004015e+00
-8.420061000000004015e+00
-8.420061000000004015e+00
-8.420061000000004015e+00
-8.420061000000004015e+00
-8.420061000000004015e+00
-8.420061000000004015e+00
-1.041006600000000049e+01
-1.041006600000000049e+01
-1.041006600000000049e+01
-1.041006600000000049e+01
-9.610062999999996691e+00
-9.610062999999996691e+00
-8.980059000000011338e+00
-8.980059000000011338e+00
-8.980059000000011338e+00
-7.930056000000007543e+00
-7.930056000000007543e+00
-7.150042000000013331e+00
-7.150042000000013331e+00
-7.150042000000013331e+00
-7.150042000000013331e+00
-4.290041000000002214e+00
-4.290041000000002214e+00
-4.290041000000002214e+00
-4.290041000000002214e+00
-5.730042999999994890e+00
-5.730042999999994890e+00
-4.240036999999972522e+00
-4.240036999999972522e+00
-4.240036999999972522e+00
-4.240036999999972522e+00
-3.550033999999953949e+00
-3.550033999999953949e+00
-3.550033999999953949e+00
-3.550033999999953949e+00
-3.550033999999953949e+00
-3.430038999999936777e+00
-3.430038999999936777e+00
-3.190033999999940306e+00
-3.190033999999940306e+00
-2.280030999999951291e+00
-2.280030999999951291e+00
-2.280030999999951291e+00
-2.870026999999936379e+00
-2.870026999999936379e+00
-2.870026999999936379e+00
-2.870026999999936379e+00
9.559966000000059694e+00
9.559966000000059694e+00
9.559966000000059694e+00
7.039962000000059561e+00
7.039962000000059561e+00
7.039962000000059561e+00
7.039962000000059561e+00
7.039962000000059561e+00
7.039962000000059561e+00
5.219955000000055634e+00
5.219955000000055634e+00
5.219955000000055634e+00
5.219955000000055634e+00
4.479949000000061687e+00
4.479949000000061687e+00
4.699950000000058026e+00
4.699950000000058026e+00
4.699950000000058026e+00
3.939940000000063947e+00
3.939940000000063947e+00
2.149947000000082653e+00
2.149947000000082653e+00
2.149947000000082653e+00
2.149947000000082653e+00
4.979949000000090109e+00
4.979949000000090109e+00
4.979949000000090109e+00
4.979949000000090109e+00
5.679946000000086315e+00
5.679946000000086315e+00
6.099944000000078859e+00
6.099944000000078859e+00
6.099944000000078859e+00
6.099944000000078859e+00
4.849944000000078859e+00
4.849944000000078859e+00
4.849944000000078859e+00
4.849944000000078859e+00
4.849944000000078859e+00
2.019943000000068878e+00
2.019943000000068878e+00
5.199430000000688779e-01
5.199430000000688779e-01
4.199370000000612890e-01
4.199370000000612890e-01
4.199370000000612890e-01
1.419937000000061289e+00
1.419937000000061289e+00
1.419937000000061289e+00
2.629928000000063548e+00
