0.000000000000000000e+00
-1.600029999999890151e-01
-1.600029999999890151e-01
-1.600029999999890151e-01
-1.600029999999890151e-01
-1.600029999999890151e-01
-1.600029999999890151e-01
-1.600029999999890151e-01
-1.600029999999890151e-01
-1.600029999999890151e-01
5.500030000000037944e-01
5.500030000000037944e-01
5.500030000000037944e-01
5.500030000000037944e-01
2.980011000000018839e+00
2.980011000000018839e+00
-1.099849999999946704e-01
-1.099849999999946704e-01
-1.099849999999946704e-01
-1.099849999999946704e-01
-1.099849999999946704e-01
3.110001000000011118e+00
3.110001000000011118e+00
3.110001000000011118e+00
3.110001000000011118e+00
6.070008000000029824e+00
6.070008000000029824e+00
6.070008000000029824e+00
6.070008000000029824e+00
8.810014000000023771e+00
8.810014000000023771e+00
8.530015000000020109e+00
8.530015000000020109e+00
8.530015000000020109e+00
8.530015000000020109e+00
9.110002000000008593e+00
9.110002000000008593e+00
9.110002000000008593e+00
9.110002000000008593e+00
9.110002000000008593e+00
9.940004000000016049e+00
9.940004000000016049e+00
1.003000000000000114e+01
1.003000000000000114e+01
1.197999699999999734e+01
1.197999699999999734e+01
1.197999699999999734e+01
1.228999500000000467e+01
1.228999500000000467e+01
1.228999500000000467e+01
1.228999500000000467e+01
9.459992999999997210e+00
9.459992999999997210e+00
9.459992999999997210e+00
8.139984999999995807e+00
8.139984999999995807e+00
8.139984999999995807e+00
8.139984999999995807e+00
8.139984999999995807e+00
8.139984999999995807e+00
7.859985999999992146e+00
7.859985999999992146e+00
7.859985999999992146e+00
7.859985999999992146e+00
7.869995999999986225e+00
7.869995999999986225e+00
9.159988999999967518e+00
9.159988999999967518e+00
9.159988999999967518e+00
1.175997999999998456e+01
1.175997999999998456e+01
9.999984999999981028e+00
9.999984999999981028e+00
9.999984999999981028e+00
9.999984999999981028e+00
8.789977999999990743e+00
8.789977999999990743e+00
8.789977999999990743e+00
8.789977999999990743e+00
7.239974999999986949e+00
7.239974999999986949e+00
8.759963999999996531e+00
8.759963999999996531e+00
8.759963999999996531e+00
8.759963999999996531e+00
7.609969999999975698e+00
7.609969999999975698e+00
7.609969999999975698e+00
7.609969999999975698e+00
7.609969999999975698e+00
5.379958999999985281e+00
5.379958999999985281e+00
4.809966999999971904e+00
4.809966999999971904e+00
5.129973999999975831e+00
5.129973999999975831e+00
5.129973999999975831e+00
5.389982999999972435e+00
5.389982999999972435e+00
6.329984999999965112e+00
