1.709001669482898649e+02
1.688365971748313541e+02
1.661734271111477881e+02
1.663059917242788117e+02
1.618891311562021826e+02
1.619689891284336056e+02
1.669591955178898388e+02
1.673956503145035128e+02
1.688196873415935499e+02
1.731736436710932310e+02
1.720777721883086997e+02
1.687512584390495931e+02
1.686057039286426402e+02
1.702610475284574250e+02
1.689716388652575461e+02
1.699377369047958553e+02
1.682670264483917038e+02
1.648377310307097332e+02
1.662171153344181391e+02
1.664854449757434622e+02
1.665791209825714816e+02
1.652130249570002434e+02
1.686938079386076197e+02
1.706259641517411296e+02
1.724217800664904132e+02
1.715030449527013445e+02
1.720711229469353896e+02
1.762017203032338841e+02
1.768607694775705852e+02
1.759412992844603139e+02
1.772217939987102682e+02
1.722231516518558294e+02
1.713969592646595288e+02
1.689648332972059279e+02
1.718529798784765887e+02
1.719535069948067019e+02
1.715941075761975583e+02
1.715800954822136930e+02
1.657622991471855300e+02
1.672740492413556694e+02
1.659379877819014553e+02
1.661390849822701909e+02
1.635725726830189330e+02
1.665963400167596262e+02
1.604157221872823413e+02
1.567826497437936553e+02
1.585399908216947722e+02
1.534031609179306486e+02
1.544261768495453850e+02
1.547072828114037293e+02
1.593342961096753072e+02
1.578780827769397206e+02
1.555876237789804009e+02
1.557461677243003919e+02
1.516059370188188495e+02
1.517636044404640359e+02
1.564310825337543349e+02
1.569834001295324128e+02
1.582654318793380810e+02
1.621654071737661695e+02
1.611031344910757355e+02
1.576891690094083458e+02
1.574034391995348869e+02
1.589036922305216137e+02
1.577944967956463529e+02
1.583836814647396238e+02
1.567417310392459626e+02
1.534451614386886149e+02
1.547719232148344304e+02
1.546238876258649384e+02
1.547103365376468957e+02
1.534608109893363519e+02
1.564908752199912669e+02
1.585136921857922800e+02
1.601710114796306641e+02
1.594249088653384945e+02
1.602778881390981098e+02
1.639271748292158577e+02
1.643752255981258088e+02
1.634800745500155301e+02
1.647588801649515915e+02
1.601939679735679931e+02
1.595661287557779815e+02
1.570105261161586441e+02
1.598344892979286840e+02
1.597598557360099392e+02
1.597489811215774580e+02
1.597297852105311335e+02
1.539817576806866839e+02
1.552924902109166112e+02
1.542422129611481125e+02
1.543432684881717307e+02
1.518020696948506156e+02
1.544711169150131127e+02
1.490059647257755273e+02
1.459097144645462549e+02
1.474560574853820185e+02
1.423449431881391547e+02
1.432408300409472588e+02
1.434054050359803512e+02
1.476844161069620895e+02
1.463291559312673940e+02
1.442200267117771659e+02
1.443536114027712642e+02
1.405026022736519451e+02
1.406300638028237131e+02
1.449538398423813419e+02
1.454592407274519132e+02
1.466632327271579186e+02
1.502748065807956550e+02
1.492782422533065585e+02
1.461048325070712224e+02
1.458480006393585597e+02
1.472387590845193017e+02
1.462174827062056579e+02
1.467592569549814243e+02
1.452267503398365704e+02
1.421689256543942292e+02
1.434170336075721934e+02
1.432630014052941192e+02
1.433461897101767875e+02
1.421979055630275184e+02
1.450219262199920820e+02
1.469035478728079056e+02
1.484497410014874106e+02
1.477613791152870135e+02
1.485600570904463495e+02
1.519477176177611568e+02
1.523756690462266761e+02
1.515313241651360556e+02
1.527294150850184167e+02
1.484840162272723774e+02
1.479086469658316787e+02
1.455381718635580626e+02
1.481514579624102623e+02
1.480692635285593610e+02
1.480527066732157948e+02
1.480457528655722399e+02
1.427244338442850733e+02
1.439516933445568725e+02
1.429894250869036227e+02
1.430758125312019331e+02
1.407331414941495780e+02
1.431999032571968371e+02
1.381268322482677604e+02
1.352393542181754924e+02
1.366849626449890138e+02
1.319353741022474082e+02
1.327727129529637011e+02
1.329234247006980354e+02
1.368858021989261715e+02
1.356285120533352710e+02
1.336761236507539934e+02
1.337968505118467988e+02
1.302232119127571934e+02
1.303391437749403394e+02
1.343472325458286321e+02
1.348153317719278164e+02
1.359352239833487488e+02
1.392811790033093757e+02
1.383544982998442947e+02
1.354099282776229529e+02
1.351738336107856640e+02
1.364630967702234727e+02
1.355176767954854995e+02
1.360166390745078786e+02
1.345925485239713169e+02
1.317575013330022955e+02
1.329198298878286550e+02
1.327724371073319958e+02
1.328537915259353781e+02
1.317949421474752967e+02
1.344165098791809214e+02
1.361629646240863565e+02
1.376003796674744706e+02
1.369649836271780146e+02
1.377101706537674488e+02
1.408518625314944188e+02
1.412497049423951694e+02
1.404630543186565319e+02
1.415784557580048215e+02
1.376408245350971811e+02
1.371092032321423630e+02
1.349106298509132955e+02
1.373337309133443682e+02
1.372558273376198770e+02
1.372392524597506167e+02
1.372366839093265014e+02
1.323026890514314005e+02
1.334447816280508334e+02
1.325573776990152624e+02
1.326377786353485249e+02
1.304690994213134445e+02
1.327574934521533123e+02
1.280528886364903940e+02
1.253719717890354843e+02
1.267150494778274350e+02
1.223092110161722417e+02
1.230899036405802462e+02
1.232278048173206741e+02
1.269010434583658480e+02
1.257355914741326757e+02
1.239257177502301488e+02
1.240377569161343985e+02
1.207246081720222577e+02
1.208322853359024975e+02
1.245480841495305384e+02
1.249822337162544130e+02
1.260206374372398272e+02
1.291225214657659421e+02
1.282634679300966525e+02
1.255335561778441331e+02
1.253145019324518898e+02
1.265098032932525314e+02
1.256332721360918754e+02
1.260956313710669008e+02
1.247752556705927418e+02
1.221468578820495594e+02
1.232245787076361125e+02
1.230877752592565741e+02
1.231633129249854619e+02
1.221819833039946843e+02
1.246124245435906204e+02
1.262316744507205755e+02
1.275643694323407829e+02
1.269756663443154281e+02
1.276669887464681494e+02
1.305795879491393805e+02
1.309482446298901550e+02
1.302189026597328052e+02
1.312532513767098408e+02
1.276029684088377962e+02
1.271102540336124065e+02
1.250718491142720694e+02
1.273185361278544434e+02
1.272462985679755576e+02
1.272312358097112508e+02
1.272289000693458974e+02
1.226544517112732251e+02
1.237134028520032842e+02
1.228908302919941207e+02
1.229654267098797646e+02
1.209546083646825849e+02
1.230762648890085273e+02
1.187149008132081605e+02
1.162294346616641008e+02
1.174745429903642986e+02
1.133898957161970600e+02
1.141138461063891043e+02
1.142416367327151221e+02
