9.900347590446472168e-01
9.888205528259277344e-01
9.944613575935363770e-01
1.000099182128906250e+00
1.006869912147521973e+00
1.008931517601013184e+00
1.011518239974975586e+00
9.862433671951293945e-01
9.863761663436889648e-01
1.001491308212280273e+00
1.009664297103881836e+00
9.977689981460571289e-01
9.970337152481079102e-01
9.956525564193725586e-01
9.996084570884704590e-01
1.020062327384948730e+00
1.001805305480957031e+00
9.883964061737060547e-01
1.002290964126586914e+00
9.884241819381713867e-01
1.019391298294067383e+00
1.000116586685180664e+00
1.005947351455688477e+00
9.779933691024780273e-01
1.009010910987854004e+00
1.011528491973876953e+00
1.003094434738159180e+00
9.972885847091674805e-01
9.938718080520629883e-01
1.014310836791992188e+00
9.911782741546630859e-01
1.003229856491088867e+00
9.830758571624755859e-01
9.938741326332092285e-01
9.946827292442321777e-01
9.909396171569824219e-01
9.931327104568481445e-01
9.854949712753295898e-01
1.010061264038085938e+00
9.917624592781066895e-01
1.010981202125549316e+00
1.003641247749328613e+00
9.925936460494995117e-01
1.003283739089965820e+00
1.001605272293090820e+00
1.001562595367431641e+00
9.996529817581176758e-01
1.002255439758300781e+00
9.925243854522705078e-01
9.901186227798461914e-01
9.911444783210754395e-01
9.885839223861694336e-01
9.942625761032104492e-01
9.995833635330200195e-01
1.006460666656494141e+00
1.009004831314086914e+00
1.010895252227783203e+00
9.866026639938354492e-01
9.865981340408325195e-01
1.001165151596069336e+00
1.009408950805664062e+00
9.982103109359741211e-01
9.971737861633300781e-01
9.953929781913757324e-01
9.993958473205566406e-01
1.020613908767700195e+00
1.002582788467407227e+00
9.884088039398193359e-01
1.002223730087280273e+00
9.881608486175537109e-01
1.018756151199340820e+00
9.997447133064270020e-01
1.005588293075561523e+00
9.775733351707458496e-01
1.008521556854248047e+00
1.011571049690246582e+00
1.002836227416992188e+00
9.970189929008483887e-01
9.938657283782958984e-01
1.013940215110778809e+00
9.907767772674560547e-01
1.003514766693115234e+00
9.831721782684326172e-01
9.946572184562683105e-01
9.946746826171875000e-01
9.905912876129150391e-01
9.929362535476684570e-01
9.857361316680908203e-01
1.010246038436889648e+00
9.913586378097534180e-01
1.010757327079772949e+00
1.003970861434936523e+00
9.925343990325927734e-01
1.003380060195922852e+00
1.001928091049194336e+00
1.001022458076477051e+00
9.997442960739135742e-01
1.002038478851318359e+00
9.915350079536437988e-01
9.900706410408020020e-01
