8.764777622818786540e+01
8.677434501887313445e+01
8.580425581266992197e+01
8.532901672277081673e+01
8.533747983630685496e+01
8.592374082567320670e+01
8.669117022920259785e+01
8.768969993161401533e+01
8.648338492888551343e+01
8.530514967857966724e+01
8.543236594884513124e+01
8.625800971566232533e+01
8.606556793606925737e+01
8.581027295423756129e+01
8.543721763393077140e+01
8.540376529698539798e+01
8.711716359628084660e+01
8.727443668920663811e+01
8.626173957444648011e+01
8.645936212530851606e+01
8.545852427960419107e+01
8.711567601568079056e+01
8.712583254357473095e+01
8.764400049058083653e+01
8.571525132140239123e+01
8.648762382136108329e+01
8.748469569842532678e+01
8.775541137985182161e+01
8.751747001558319994e+01
8.698114616052988879e+01
8.822591914721364503e+01
8.744761427604406379e+01
8.773005752064378271e+01
8.624530149602017559e+01
8.571697421804667272e+01
8.526119385776415527e+01
8.448869479976006858e+01
8.390848646944712641e+01
8.269139146296417664e+01
8.352337138614979040e+01
8.283534421312656093e+01
8.374497587107035201e+01
8.404991207597846881e+01
8.342740867763532719e+01
8.370136252068462568e+01
8.383572599883302701e+01
8.396672731590406613e+01
8.393758932981428700e+01
8.412690550600467532e+01
8.349800518734852517e+01
8.267292990096197514e+01
8.194081797796378908e+01
8.100537524018659497e+01
8.054061306451514213e+01
8.050705690803954440e+01
8.102718616621778835e+01
8.175682230949969664e+01
8.264758350990375391e+01
8.154032606352403434e+01
8.044753354335387030e+01
8.054126711546174988e+01
8.129907593557697965e+01
8.115357586845966864e+01
8.092421850944498374e+01
8.055139886992608922e+01
8.050273352646591718e+01
8.216220953093096568e+01
8.237441713816414790e+01
8.141959911877258094e+01
8.160065433102730026e+01
8.063457183149559171e+01
8.214696605266122731e+01
8.212599502531058704e+01
8.258493915463412804e+01
8.073283440426880020e+01
8.142080384264936299e+01
8.236292800973248518e+01
8.259652800429743991e+01
8.235030716795135675e+01
8.184514801565237008e+01
8.298608698476409984e+01
8.222068782080135918e+01
8.250967435583893916e+01
8.112121626464920610e+01
8.068780332758537099e+01
8.025811516594401951e+01
7.950298964361810761e+01
7.894140068257324572e+01
7.781539093730053480e+01
7.861269042382571115e+01
7.793336969312370854e+01
7.877172444134150453e+01
7.908451604408907087e+01
7.849410260460338407e+01
7.875941739643188555e+01
7.891127272415370442e+01
7.899195619227559462e+01
7.897175763894797740e+01
7.913273989674641484e+01
7.846288188291407550e+01
