0.000000000000000000e+00
0.000000000000000000e+00
0.000000000000000000e+00
0.000000000000000000e+00
0.000000000000000000e+00
0.000000000000000000e+00
-1.690002000000006888e+00
-1.690002000000006888e+00
-1.690002000000006888e+00
-1.690002000000006888e+00
-1.760001000000002591e+00
-1.760001000000002591e+00
-1.760001000000002591e+00
-1.760001000000002591e+00
-1.760001000000002591e+00
-1.760001000000002591e+00
-1.130003999999999564e+00
-1.130003999999999564e+00
-1.780005000000002724e+00
-1.780005000000002724e+00
-1.780005000000002724e+00
-1.780005000000002724e+00
-2.130003000000002089e+00
-2.130003000000002089e+00
-2.130003000000002089e+00
-2.130003000000002089e+00
-3.600004999999995903e+00
-3.600004999999995903e+00
-3.600004999999995903e+00
-3.780005000000002724e+00
-3.780005000000002724e+00
-4.640005999999999631e+00
-4.640005999999999631e+00
-4.640005999999999631e+00
-4.640005999999999631e+00
-4.640005999999999631e+00
-4.640005999999999631e+00
-4.640005999999999631e+00
-4.860007000000010180e+00
-4.860007000000010180e+00
-4.860007000000010180e+00
-5.420005000000017503e+00
-5.420005000000017503e+00
-5.420005000000017503e+00
-5.420005000000017503e+00
-5.420005000000017503e+00
-5.420005000000017503e+00
-6.830009000000003994e+00
-6.830009000000003994e+00
-6.830009000000003994e+00
-6.830009000000003994e+00
-6.830009000000003994e+00
-6.830009000000003994e+00
-6.830009000000003994e+00
-6.830009000000003994e+00
-6.830009000000003994e+00
-7.430008000000000834e+00
-7.430008000000000834e+00
-7.430008000000000834e+00
-7.430008000000000834e+00
-5.570007000000003927e+00
-5.570007000000003927e+00
-5.570007000000003927e+00
-5.570007000000003927e+00
-5.570007000000003927e+00
-5.570007000000003927e+00
-5.340004000000007522e+00
-5.340004000000007522e+00
-5.630005000000011250e+00
-5.630005000000011250e+00
-6.910004000000000701e+00
-6.910004000000000701e+00
-7.440002999999990152e+00
-7.440002999999990152e+00
-7.440002999999990152e+00
-7.440002999999990152e+00
-6.819999999999993179e+00
-6.819999999999993179e+00
-6.819999999999993179e+00
-6.959999999999993747e+00
-6.959999999999993747e+00
-6.550004000000001270e+00
-6.550004000000001270e+00
-6.550004000000001270e+00
-6.550004000000001270e+00
-6.550004000000001270e+00
-6.550004000000001270e+00
-6.550004000000001270e+00
-6.949997999999993681e+00
-6.949997999999993681e+00
-6.949997999999993681e+00
-6.759995999999986793e+00
-6.759995999999986793e+00
-6.759995999999986793e+00
-6.759995999999986793e+00
-7.379998999999983766e+00
-7.379998999999983766e+00
-7.089997999999994249e+00
-7.089997999999994249e+00
-7.089997999999994249e+00
-7.089997999999994249e+00
-7.089997999999994249e+00
-7.089997999999994249e+00
-7.089997999999994249e+00
-7.089997999999994249e+00
-7.089997999999994249e+00
-6.579995999999994183e+00
-6.579995999999994183e+00
-6.579995999999994183e+00
-6.579995999999994183e+00
-4.269998999999984335e+00
-4.269998999999984335e+00
-4.269998999999984335e+00
-4.269998999999984335e+00
-4.269998999999984335e+00
-4.269998999999984335e+00
-5.449998999999991156e+00
-5.449998999999991156e+00
-5.809999000000004798e+00
-5.809999000000004798e+00
-6.180002000000001772e+00
-6.180002000000001772e+00
-5.760003999999995017e+00
-5.760003999999995017e+00
-5.760003999999995017e+00
-5.760003999999995017e+00
-5.610002999999991857e+00
-5.610002999999991857e+00
-5.610002999999991857e+00
-5.669999999999987494e+00
-5.669999999999987494e+00
-5.309998999999990588e+00
-5.309998999999990588e+00
-5.309998999999990588e+00
-5.309998999999990588e+00
-5.309998999999990588e+00
-5.309998999999990588e+00
-5.309998999999990588e+00
-6.049996999999990521e+00
-6.049996999999990521e+00
-6.049996999999990521e+00
-5.549996999999990521e+00
-5.549996999999990521e+00
-5.549996999999990521e+00
-5.549996999999990521e+00
-6.210000999999977012e+00
-6.210000999999977012e+00
-6.320000999999976443e+00
-6.320000999999976443e+00
-6.320000999999976443e+00
-6.320000999999976443e+00
-6.320000999999976443e+00
-6.320000999999976443e+00
-6.320000999999976443e+00
-6.320000999999976443e+00
-6.320000999999976443e+00
-7.059998999999976377e+00
-7.059998999999976377e+00
-7.059998999999976377e+00
-7.059998999999976377e+00
-6.959999999999979536e+00
-6.959999999999979536e+00
-6.959999999999979536e+00
-6.959999999999979536e+00
-6.959999999999979536e+00
-6.959999999999979536e+00
-7.330002999999976510e+00
-7.330002999999976510e+00
-7.090004999999976576e+00
-7.090004999999976576e+00
-5.490005999999979736e+00
-5.490005999999979736e+00
-5.700004999999990218e+00
-5.700004999999990218e+00
-5.700004999999990218e+00
-5.700004999999990218e+00
-4.860008999999990920e+00
-4.860008999999990920e+00
-4.860008999999990920e+00
-4.730003999999993880e+00
-4.730003999999993880e+00
-5.390007999999994581e+00
-5.390007999999994581e+00
-5.390007999999994581e+00
-5.390007999999994581e+00
-5.390007999999994581e+00
-5.390007999999994581e+00
-5.390007999999994581e+00
-5.740013999999987959e+00
-5.740013999999987959e+00
-5.740013999999987959e+00
-5.480018999999984430e+00
-5.480018999999984430e+00
-5.480018999999984430e+00
-5.480018999999984430e+00
-4.590019999999981337e+00
-4.590019999999981337e+00
-4.610015999999987457e+00
-4.610015999999987457e+00
-4.610015999999987457e+00
-4.610015999999987457e+00
-4.610015999999987457e+00
-4.610015999999987457e+00
-4.610015999999987457e+00
-4.610015999999987457e+00
-4.610015999999987457e+00
-4.380012999999991052e+00
-4.380012999999991052e+00
-4.380012999999991052e+00
-4.380012999999991052e+00
-4.050010999999997807e+00
-4.050010999999997807e+00
-4.050010999999997807e+00
-4.050010999999997807e+00
-4.050010999999997807e+00
-4.050010999999997807e+00
-3.660011999999994714e+00
-3.660011999999994714e+00
-3.710014999999998508e+00
-3.710014999999998508e+00
-4.740014000000002170e+00
-4.740014000000002170e+00
-5.060013999999995349e+00
-5.060013999999995349e+00
-5.060013999999995349e+00
-5.060013999999995349e+00
-4.190018999999992388e+00
-4.190018999999992388e+00
-4.190018999999992388e+00
-3.590019999999995548e+00
-3.590019999999995548e+00
-3.420022000000003004e+00
-3.420022000000003004e+00
-3.420022000000003004e+00
-3.420022000000003004e+00
-3.420022000000003004e+00
-3.420022000000003004e+00
-3.420022000000003004e+00
-3.690019000000006599e+00
-3.690019000000006599e+00
-3.690019000000006599e+00
-3.780022999999999911e+00
-3.780022999999999911e+00
-3.780022999999999911e+00
-3.780022999999999911e+00
-2.870027000000007433e+00
-2.870027000000007433e+00
-2.860025000000007367e+00
-2.860025000000007367e+00
-2.860025000000007367e+00
