9.889444112777709961e-01
9.892787933349609375e-01
9.953804016113281250e-01
9.997638463973999023e-01
1.007714509963989258e+00
1.008821368217468262e+00
1.012122392654418945e+00
9.863557815551757812e-01
9.863135814666748047e-01
1.001385688781738281e+00
1.009369015693664551e+00
9.977134466171264648e-01
9.964143037796020508e-01
9.960099458694458008e-01
1.000150680541992188e+00
1.020130276679992676e+00
1.001445293426513672e+00
9.877812266349792480e-01
1.002985358238220215e+00
9.888420104980468750e-01
1.019344329833984375e+00
1.000685691833496094e+00
1.006191611289978027e+00
9.781012535095214844e-01
1.009739160537719727e+00
1.011592984199523926e+00
1.003198146820068359e+00
9.980949163436889648e-01
9.937309026718139648e-01
1.013768792152404785e+00
9.914369583129882812e-01
1.003759741783142090e+00
9.835126399993896484e-01
9.931571483612060547e-01
9.940459728240966797e-01
9.915443658828735352e-01
9.940563440322875977e-01
9.849563837051391602e-01
1.010395526885986328e+00
9.922443628311157227e-01
1.011411905288696289e+00
1.003916740417480469e+00
9.925206899642944336e-01
1.003551125526428223e+00
1.001733779907226562e+00
1.001606225967407227e+00
1.000199317932128906e+00
1.002543687820434570e+00
9.928098320960998535e-01
9.897937774658203125e-01
9.911874532699584961e-01
9.885969161987304688e-01
9.942507743835449219e-01
9.995480775833129883e-01
1.006405711174011230e+00
1.008998155593872070e+00
1.010889530181884766e+00
9.866132736206054688e-01
9.865913987159729004e-01
1.001172900199890137e+00
1.009428739547729492e+00
9.982267618179321289e-01
9.972004890441894531e-01
9.953982234001159668e-01
9.993710517883300781e-01
1.020628213882446289e+00
1.002622365951538086e+00
9.884111881256103516e-01
1.002205252647399902e+00
9.881427884101867676e-01
1.018723964691162109e+00
9.997118711471557617e-01
1.005561590194702148e+00
9.775476455688476562e-01
1.008485555648803711e+00
1.011586666107177734e+00
1.002840161323547363e+00
9.969799518585205078e-01
9.938603639602661133e-01
1.013941884040832520e+00
9.907476902008056641e-01
1.003514766693115234e+00
9.831522703170776367e-01
9.946736693382263184e-01
9.946845769882202148e-01
9.905694723129272461e-01
9.929094314575195312e-01
9.857475757598876953e-01
1.010270357131958008e+00
9.913250207901000977e-01
1.010736703872680664e+00
1.003976702690124512e+00
9.925193786621093750e-01
1.003404855728149414e+00
1.001939892768859863e+00
1.001000165939331055e+00
9.997498989105224609e-01
1.002036929130554199e+00
9.914855957031250000e-01
9.900609850883483887e-01
9.910924434661865234e-01
9.885340332984924316e-01
9.942626953125000000e-01
9.996464848518371582e-01
1.006519794464111328e+00
1.009016036987304688e+00
1.010906219482421875e+00
9.865972995758056641e-01
9.866022467613220215e-01
1.001138567924499512e+00
1.009401559829711914e+00
9.981837272644042969e-01
9.971576929092407227e-01
9.953781366348266602e-01
9.994205236434936523e-01
1.020614147186279297e+00
1.002540469169616699e+00
9.884237051010131836e-01
1.002280712127685547e+00
9.881793260574340820e-01
1.018794298171997070e+00
9.997752904891967773e-01
1.005613565444946289e+00
9.776160717010498047e-01
1.008539915084838867e+00
1.011549949645996094e+00
1.002814531326293945e+00
9.970684051513671875e-01
9.938802719116210938e-01
1.013943672180175781e+00
9.908078908920288086e-01
1.003504633903503418e+00
9.831892251968383789e-01
9.946455955505371094e-01
9.946610331535339355e-01
9.906063079833984375e-01
9.929714202880859375e-01
9.857341051101684570e-01
1.010212421417236328e+00
9.913967251777648926e-01
1.010770082473754883e+00
1.003958463668823242e+00
9.925429821014404297e-01
1.003346443176269531e+00
1.001904249191284180e+00
1.001056194305419922e+00
9.997438192367553711e-01
1.002022862434387207e+00
9.916058778762817383e-01
9.900685548782348633e-01
9.910924434661865234e-01
9.885399937629699707e-01
9.942657947540283203e-01
9.996403455734252930e-01
1.006516456604003906e+00
1.009014964103698730e+00
1.010907173156738281e+00
9.865987896919250488e-01
9.866020083427429199e-01
1.001143097877502441e+00
1.009401321411132812e+00
9.981861710548400879e-01
9.971584081649780273e-01
9.953817129135131836e-01
9.994202852249145508e-01
1.020613193511962891e+00
1.002541303634643555e+00
9.884217977523803711e-01
1.002277374267578125e+00
9.881784319877624512e-01
1.018790483474731445e+00
9.997752904891967773e-01
1.005611658096313477e+00
9.776126146316528320e-01
1.008540630340576172e+00
1.011552095413208008e+00
1.002817511558532715e+00
9.970662593841552734e-01
9.938797950744628906e-01
1.013943433761596680e+00
9.908049106597900391e-01
1.003505706787109375e+00
9.831895828247070312e-01
9.946428537368774414e-01
9.946606159210205078e-01
9.906065464019775391e-01
9.929704666137695312e-01
9.857326149940490723e-01
1.010216474533081055e+00
9.913937449455261230e-01
1.010770320892333984e+00
1.003959178924560547e+00
9.925407171249389648e-01
1.003350019454956055e+00
1.001905679702758789e+00
1.001055121421813965e+00
9.997453689575195312e-01
1.002024173736572266e+00
9.916021823883056641e-01
9.900691509246826172e-01
9.910926818847656250e-01
9.885398149490356445e-01
9.942654967308044434e-01
9.996404647827148438e-01
1.006516456604003906e+00
1.009014964103698730e+00
1.010907053947448730e+00
9.865987896919250488e-01
9.866021275520324707e-01
1.001142978668212891e+00
1.009401321411132812e+00
9.981860518455505371e-01
9.971585273742675781e-01
9.953815937042236328e-01
9.994201660156250000e-01
1.020613193511962891e+00
1.002541542053222656e+00
9.884219169616699219e-01
1.002277374267578125e+00
9.881784319877624512e-01
1.018790721893310547e+00
9.997750520706176758e-01
1.005611658096313477e+00
9.776126146316528320e-01
1.008540511131286621e+00
1.011551856994628906e+00
1.002817392349243164e+00
9.970660209655761719e-01
9.938796758651733398e-01
1.013943433761596680e+00
9.908049106597900391e-01
1.003505468368530273e+00
9.831893444061279297e-01
9.946430921554565430e-01
9.946607947349548340e-01
9.906063079833984375e-01
9.929703474044799805e-01
9.857327938079833984e-01
1.010216355323791504e+00
9.913936853408813477e-01
1.010770320892333984e+00
1.003959178924560547e+00
9.925407171249389648e-01
1.003350019454956055e+00
1.001905679702758789e+00
1.001055002212524414e+00
9.997453689575195312e-01
1.002023935317993164e+00
9.916020035743713379e-01
9.900691509246826172e-01
