0.000000000000000000e+00
0.000000000000000000e+00
0.000000000000000000e+00
0.000000000000000000e+00
0.000000000000000000e+00
0.000000000000000000e+00
0.000000000000000000e+00
-3.600009999999969068e-01
-3.600009999999969068e-01
-3.600009999999969068e-01
-3.600009999999969068e-01
-4.599989999999962720e-01
-4.599989999999962720e-01
-4.599989999999962720e-01
-4.599989999999962720e-01
-4.599989999999962720e-01
-4.599989999999962720e-01
1.060006000000001336e+00
1.060006000000001336e+00
2.340005000000004998e+00
2.340005000000004998e+00
2.340005000000004998e+00
2.340005000000004998e+00
1.460008000000001971e+00
1.460008000000001971e+00
1.460008000000001971e+00
1.460008000000001971e+00
2.800004000000001270e+00
2.800004000000001270e+00
2.800004000000001270e+00
2.500000999999997475e+00
2.500000999999997475e+00
1.960000000000007958e+00
1.960000000000007958e+00
1.960000000000007958e+00
1.960000000000007958e+00
1.960000000000007958e+00
1.960000000000007958e+00
1.960000000000007958e+00
7.100000000000079581e-01
7.100000000000079581e-01
7.100000000000079581e-01
2.339997000000010985e+00
2.339997000000010985e+00
2.339997000000010985e+00
2.339997000000010985e+00
3.559991000000010786e+00
3.559991000000010786e+00
3.869988000000006423e+00
3.869988000000006423e+00
3.869988000000006423e+00
3.869988000000006423e+00
3.869988000000006423e+00
3.869988000000006423e+00
3.869988000000006423e+00
3.869988000000006423e+00
3.869988000000006423e+00
4.089982000000006224e+00
4.089982000000006224e+00
4.089982000000006224e+00
4.089982000000006224e+00
4.339982000000006224e+00
4.339982000000006224e+00
4.339982000000006224e+00
4.339982000000006224e+00
4.339982000000006224e+00
4.339982000000006224e+00
4.819985000000016839e+00
4.819985000000016839e+00
5.269990000000021269e+00
5.269990000000021269e+00
4.659989000000024362e+00
4.659989000000024362e+00
3.609986000000034778e+00
3.609986000000034778e+00
3.609986000000034778e+00
3.609986000000034778e+00
3.319985000000045261e+00
3.319985000000045261e+00
3.319985000000045261e+00
3.499985000000052082e+00
3.499985000000052082e+00
3.059982000000047719e+00
3.059982000000047719e+00
3.059982000000047719e+00
3.059982000000047719e+00
3.059982000000047719e+00
3.059982000000047719e+00
3.059982000000047719e+00
4.759986000000054673e+00
4.759986000000054673e+00
4.759986000000054673e+00
3.579986000000047852e+00
3.579986000000047852e+00
3.579986000000047852e+00
3.579986000000047852e+00
4.209983000000050879e+00
4.209983000000050879e+00
3.619987000000051580e+00
3.619987000000051580e+00
