8.926212453982043371e+01
8.830512685526856842e+01
8.789719263353650547e+01
8.787643539483765664e+01
8.855435903129098563e+01
8.933552963956789483e+01
9.041849000784921486e+01
8.918480037873096933e+01
8.796417987393660098e+01
8.808607085118272551e+01
8.891135063138069938e+01
8.870805008181865503e+01
8.838996996192140898e+01
8.803728919717528356e+01
8.805055470362704284e+01
8.982303673163788460e+01
8.995285737617561495e+01
8.885374379836008529e+01
8.911900405440522377e+01
8.812461514274164642e+01
8.982932676455577337e+01
8.989092200032668245e+01
9.044749164785044115e+01
8.846680495755448703e+01
8.932839737329524610e+01
9.036398007261264809e+01
9.065297734813059094e+01
9.048027584258873901e+01
8.991304618705042628e+01
9.115104023178949433e+01
9.037051007447020368e+01
9.071027985716105491e+01
8.921470681739992870e+01
8.860422381464995567e+01
8.807667185815770949e+01
8.733192774667091385e+01
8.681285681314759017e+01
8.550687750578990176e+01
8.639576654983808623e+01
8.572571233154991432e+01
8.670400604148358070e+01
8.704360312630373642e+01
8.639257703189720417e+01
8.669936791748908433e+01
8.684968553955367554e+01
8.698918575972845701e+01
8.700652426435166831e+01
8.722784170042125140e+01
8.660065887270039298e+01
8.571679327663902370e+01
8.496141003033933714e+01
8.399258795188936233e+01
8.350969561364399851e+01
8.347195571018548321e+01
8.400665294959479468e+01
8.476255788375566169e+01
8.568558231612456666e+01
8.453853287099951785e+01
8.340498939059567363e+01
8.350281511932374201e+01
8.429014141458605991e+01
8.414067491745781524e+01
8.390512217619709645e+01
8.351900954835626578e+01
8.346648041666038864e+01
8.518824482671027454e+01
8.541163957941512308e+01
8.442182015644610260e+01
8.460799159884442133e+01
8.360477674026778061e+01
8.517018962796504411e+01
8.514564963893101890e+01
8.561919484908443678e+01
8.369684234022290070e+01
8.440705655353001191e+01
8.538505293490543124e+01
8.562756025986018926e+01
8.536896090563797657e+01
8.484482655658709405e+01
8.602772328990357664e+01
8.523176814270601653e+01
8.553133792256932111e+01
8.409032906183118428e+01
8.364243616379052071e+01
8.319784123384418706e+01
8.241324168858373866e+01
8.182888494958282877e+01
8.066262496618602995e+01
8.149105893178995075e+01
8.078412568976393970e+01
8.165148092490835552e+01
8.197618458875508907e+01
8.136295179312158155e+01
8.163998090559353216e+01
8.179835371420215040e+01
8.188016564148044552e+01
8.185968732284690930e+01
8.202642970457287674e+01
8.132802351903895044e+01
8.051970308054806935e+01
7.980246927327220874e+01
7.888745681788678610e+01
7.843485544210057014e+01
7.840712753255782275e+01
7.891832588859146824e+01
7.962985643377916745e+01
8.049831712539970852e+01
7.941942229631618488e+01
7.835538047403177586e+01
7.844459339695146127e+01
7.918209493509031915e+01
7.903827865491236082e+01
7.881362759505009308e+01
7.844936177699212010e+01
7.840390222665934061e+01
8.002013180713834117e+01
8.022342048494303413e+01
7.929473051160391606e+01
7.947557896514328490e+01
7.853612405979967548e+01
8.001215539265250243e+01
7.999417590035591274e+01
8.044322844198710243e+01
7.864259298440559576e+01
7.931419405054396066e+01
8.023026899804050061e+01
8.045607960345247989e+01
8.022021497494580444e+01
7.972928907210783223e+01
8.084100814208777308e+01
8.009790877484731197e+01
8.037862262153936399e+01
7.902739569766035288e+01
7.860425105850733019e+01
7.818458556811467020e+01
7.745014365084216479e+01
7.690577914249303149e+01
7.580864938082562787e+01
7.658283925537412529e+01
7.592397604259308252e+01
7.674168352630719880e+01
7.704546269243041934e+01
7.647093329813016283e+01
7.672683893104864694e+01
7.687294595203289305e+01
7.695413871978828979e+01
7.693442454979621914e+01
7.709005230712919854e+01
7.644294899353933204e+01
7.568376004066411156e+01
7.500960266941032728e+01
7.414999215498174578e+01
7.372480088097789519e+01
7.369828542999270837e+01
7.417853710878675599e+01
7.484725395808735016e+01
7.566362591731457599e+01
7.464964175372513466e+01
7.364948647629150003e+01
7.373367504796169669e+01
7.442686902591161413e+01
7.429187141657479287e+01
7.408076424134894467e+01
7.373863800449605321e+01
7.369589062655016676e+01
7.521499828107170060e+01
7.540614242958309887e+01
7.453307486182058028e+01
7.470281456859436275e+01
7.381971016546614806e+01
7.520681820943980256e+01
7.518991852211088656e+01
7.561185863714663924e+01
7.391910681941985217e+01
7.455042258587008064e+01
7.541163618067703567e+01
7.562410933726395967e+01
7.540224781616414873e+01
7.494077060768309195e+01
7.598570227869433324e+01
7.528700695766313800e+01
7.555094112893576153e+01
7.428089829057235249e+01
7.388296465387362844e+01
7.348847512869292586e+01
7.279816454758211819e+01
7.228642741943859562e+01
7.125508912874073530e+01
7.198306493217693003e+01
7.136356031576785597e+01
7.213216876038811165e+01
7.241775292272708953e+01
7.187756841850018930e+01
7.211835967107710132e+01
7.225579416529852494e+01
7.233203280157250958e+01
7.231361482065551627e+01
7.245999014057208854e+01
7.185148435922639010e+01
7.113793811221738395e+01
7.050428986739001402e+01
6.969629765862289617e+01
6.929662401184869225e+01
6.927170943507746870e+01
6.972311552349631825e+01
7.035166690713867865e+01
7.111899633338778415e+01
7.016591570662484401e+01
6.922584171779264750e+01
6.930496537816516422e+01
6.995652363307272026e+01
6.982962612613680164e+01
6.963120715503426084e+01
6.930962194952694233e+01
6.926943387527641960e+01
7.069729812021161308e+01
7.087697827643334847e+01
7.005635873644288836e+01
7.021590328510949064e+01
6.938584120888387474e+01
7.068965125437341612e+01
7.067374976369498540e+01
7.107034668375325737e+01
6.947926744428204415e+01
7.007265590128358212e+01
7.088212520148904616e+01
7.108182795872981785e+01
7.087327536577038245e+01
7.043950794803504323e+01
7.142167656130793318e+01
7.076494786449912056e+01
7.101301215083881857e+01
6.981923686088761372e+01
6.944522164324749269e+01
6.907443935021763082e+01
6.842557534074225600e+01
6.794456731744826072e+01
6.697518816590287827e+01
6.765943048608353649e+01
6.707713213766353988e+01
6.779957437532365816e+01
6.806800502128461972e+01
6.756026651708978648e+01
6.778659472430405231e+01
6.791577426198929857e+01
6.798742555410100863e+01
6.797011384505660203e+01
6.810768095903563335e+01
6.753571289778379594e+01
6.686502592580194460e+01
